label: "Euroc"
id: 412eab8e4058621f7036b5e765dfe812
cameras:
- camera:
    label: cam1
    id: 54812562fa109c40fe90b29a59dd7723
    line-delay-nanoseconds: 0
    image_height: 480
    image_width: 752
    type: unified
    xi: 0.81261505894146113
    intrinsics:
      cols: 1
      rows: 4
      # [xi, fx, fy, cx, cy]
      # data: [0.81261505894146113, 834.06249735437791, 831.40606765916948, 374.32007355249738, 254.22391621480082]
      # [fx, fy, cx, cy]
      data: [834.06249735437791, 831.40606765916948, 374.32007355249738, 254.22391621480082]
    distortion:
      type: radial-tangential  
      parameters:
        cols: 1
        rows: 4
        data: [-3.4247886078397966e-01, 1.7108792755973357e-01, -6.6653144364906686e-04, 7.2311255846767091e-04]
  T_B_C:
    cols: 4
    rows: 4
    data: [0.0125552670891, -0.999755099723, 0.0182237714554, -0.0198435579556,
           0.999598781151, 0.0130119051815, 0.0251588363115, 0.0453689425024,
          -0.0253898008918, 0.0179005838253, 0.999517347078, 0.00786212447038,
           0.0, 0.0, 0.0, 1.0]

imu_params:
  delay_imu_cam: 0.0
  max_imu_delta_t: 0.01
  acc_max: 176.0
  omega_max: 17
  sigma_omega_c: 12.0e-4
  sigma_acc_c: 8.0e-3
  sigma_omega_bias_c: 0.03
  sigma_acc_bias_c: 0.1
  sigma_integration: 0.0
  g: 9.8082
  imu_rate: 800

imu_initialization:
  velocity: [0.0, 0, 0.0]
  omega_bias: [0.0, 0, 0.0]
  acc_bias: [0.0, 0.0, 0.0]
  velocity_sigma: 2.0
  omega_bias_sigma: 0.01
  acc_bias_sigma: 0.1
