cameras:
- T_B_C:
    cols: 4
    data: [0.9999499950379094, -0.0023008940487724066, 0.00973207635916743, 0.023594543158816168,
      0.0021353443177404797, 0.9998534294806934, 0.01698704978329318, -0.023384499181316777,
      -0.009769735325434117, -0.016965419012559376, 0.9998083450488893, -0.004144693618212512,
      0.0, 0.0, 0.0, 1.0]
    rows: 4
  calib_date: 0
  camera:
    distortion:
      parameters:
        cols: 1
        data: [-0.008579595751733953, 0.051311582327734605, -0.05001396956217053,
          0.010175333314992027]
        rows: 4
      type: equidistant
    image_height: 800
    image_width: 848
    intrinsics:
      cols: 1
      data: [286.60658790558, 286.62474653841883, 424.7020620829641, 402.1087368769332]
      rows: 4
    label: cam0
    line-delay-nanoseconds: 0
    type: pinhole
  description: /camera/fisheye1/image_raw
  serial_no: 0
- T_B_C:
    cols: 4
    data: [0.9999332492716374, 0.00290026827765222, 0.011184160450510018, 0.08742429465852239,
      -0.0031357780079011924, 0.9997725007927494, 0.021097714447237056, -0.02328198435640731,
      -0.011120427030931478, -0.02113137720380847, 0.9997148598476066, -0.005146999923662204,
      0.0, 0.0, 0.0, 1.0]
    rows: 4
  calib_date: 0
  camera:
    distortion:
      parameters:
        cols: 1
        data: [-0.005724240755544701, 0.0443239389028816, -0.04293290943519267, 0.007944205478634711]
        rows: 4
      type: equidistant
    image_height: 800
    image_width: 848
    intrinsics:
      cols: 1
      data: [287.1848250593924, 287.27751544083253, 421.8313760539784, 401.0666725260718]
      rows: 4
    label: cam1
    line-delay-nanoseconds: 0
    type: pinhole
  description: /camera/fisheye2/image_raw
  serial_no: 0
label: camchain_imucam.yaml

imu_params:
  delay_imu_cam: 0.046541351789811954
  max_imu_delta_t: 0.01
  acc_max: 176.0
  omega_max: 30
  sigma_omega_c: 0.0019238536947805349
  sigma_acc_c: 0.021741634080561345
  sigma_omega_bias_c: 4.999999987376214e-07
  sigma_acc_bias_c: 9.999999747378752e-05
  sigma_integration: 0.0
  g: 9.802
  imu_rate: 200

imu_initialization:
  velocity: [0.0, 0, 0.0]
  omega_bias: [0.0016130382427945733, 0.0005493906210176647, 0.0017991834320127964]
  acc_bias: [-0.030231572687625885, -0.18798527121543884, -0.06560933589935303]
  velocity_sigma: 1.0
  omega_bias_sigma: 4.999999987376214e-07
  acc_bias_sigma: 9.999999747378752e-05

