label: "realsense"
id: 412eab8e4058621f7036b5e765dfe812
cameras:
- camera:
    label: cam0
    id: 54812562fa109c40fe90b29a59dd7798
    line-delay-nanoseconds: 0
    image_height: 800
    image_width: 848
    type: unified
    xi: 1.9599667840288058
    intrinsics:
      cols: 1
      rows: 4
      data: [845.1163048771318, 845.2638541073303, 425.73071024363037, 402.2623250553885]
    distortion:
      type: radial-tangential
      parameters:
        cols: 1
        rows: 4
        data: [0.18955494167609355, -0.8554663398237049, -0.00012843436719436188, -0.0020040791443582695]
  T_B_C:
    cols: 4
    rows: 4
    data: [0.9999499950379094, -0.0023008940487724066, 0.00973207635916743, 0.023594543158816168,
      0.0021353443177404797, 0.9998534294806934, 0.01698704978329318, -0.023384499181316777,
      -0.009769735325434117, -0.016965419012559376, 0.9998083450488893, -0.004144693618212512,
      0.0, 0.0, 0.0, 1.0]

- camera:
    label: cam1
    id: 54812562fa109c40fe90b29a59dd7723
    line-delay-nanoseconds: 0
    image_height: 800
    image_width: 848
    type: unified
    xi: 1.9150867056796652
    intrinsics:
      cols: 1
      rows: 4
      data: [834.2951010009307, 834.49584324218, 423.20945400566245, 401.42220892798775]
    distortion:
      type: radial-tangential
      parameters:
        cols: 1
        rows: 4
        data: [0.16094596747917697, -0.8011216644463941, -0.0006195866866148716, -0.0031185735499968245]
  T_B_C:
    cols: 4
    rows: 4
    data: [0.9999332492716374, 0.00290026827765222, 0.011184160450510018, 0.08742429465852239,
      -0.0031357780079011924, 0.9997725007927494, 0.021097714447237056, -0.02328198435640731,
      -0.011120427030931478, -0.02113137720380847, 0.9997148598476066, -0.005146999923662204,
      0.0, 0.0, 0.0, 1.0]


imu_params:
  delay_imu_cam: 0.046541351789811954
  max_imu_delta_t: 0.01
  acc_max: 176.0
  omega_max: 30
  sigma_omega_c: 0.0019238536947805349
  sigma_acc_c: 0.021741634080561345
  sigma_omega_bias_c: 4.999999987376214e-07
  sigma_acc_bias_c: 9.999999747378752e-05
  sigma_integration: 0.0
  g: 9.802
  imu_rate: 200

imu_initialization:
  velocity: [0.0, 0, 0.0]
  omega_bias: [0.0016130382427945733, 0.0005493906210176647, 0.0017991834320127964]
  acc_bias: [-0.030231572687625885, -0.18798527121543884, -0.06560933589935303]
  velocity_sigma: 1.0
  omega_bias_sigma: 4.999999987376214e-07
  acc_bias_sigma: 9.999999747378752e-05

